1 23
2 23 825
3 23 825 127
4 23 538 127 825
5 23 29 127 825 538
6 23 29 91 825 538 127
7 23 29 91 825 538 127 92
8 23 29 91 93 538 127 92 825
9 23 29 91 93 538 127 92 825 730
10 23 29 91 93 361 127 92 825 730 538
11 23 29 91 93 213 127 92 825 730 538 361
12 23 29 91 93 213 127 92 825 730 538 361 945
13 23 29 91 93 213 127 92 825 730 538 361 945 818
14 19 29 23 93 213 127 91 825 730 538 361 945 818 92
15 19 29 23 93 213 127 91 825 730 538 361 945 818 92 420
16 19 29 23 93 213 127 91 538 730 538 361 945 818 92 420 825
17 19 29 23 32 213 127 91 93 730 538 361 945 818 92 420 825 538
18 19 29 23 32 213 127 91 93 730 538 361 945 818 92 420 825 538 935
19 19 29 23 32 213 127 91 93 730 538 361 945 818 92 420 825 538 935 834
20 19 29 23 32 35 127 91 93 730 213 361 945 818 92 420 825 538 935 834 538
21 19 29 23 32 35 127 91 93 730 213 361 945 818 92 420 825 538 935 834 538 361
22 19 29 23 32 35 127 91 93 730 213 361 945 818 92 420 825 538 935 834 538 361 637
21 23 29 91 32 35 127 92 93 730 213 361 945 818 637 420 825 538 935 834 538 361
20 29 32 91 93 35 127 92 361 730 213 361 945 818 637 420 825 538 935 834 538
19 32 35 91 93 213 127 92 361 730 538 361 945 818 637 420 825 538 935 834
18 35 93 91 361 213 127 92 538 730 538 361 945 818 637 420 825 834 935
17 91 93 92 361 213 127 420 538 730 538 361 945 818 637 935 825 834
16 92 93 127 361 213 818 420 538 730 538 361 945 834 637 935 825
15 93 213 127 361 361 818 420 538 730 538 825 945 834 637 935
14 127 213 420 361 361 818 935 538 730 538 825 945 834 637
13 213 361 420 538 361 818 935 637 730 538 825 945 834
12 361 361 420 538 538 818 935 637 730 834 825 945
11 361 538 420 637 538 818 935 945 730 834 825
10 420 538 818 637 538 825 935 945 730 834
9 538 538 818 637 834 825 935 945 730
8 538 637 818 730 834 825 935 945
7 637 730 818 945 834 825 935
6 730 834 818 945 935 825
5 818 834 825 945 935
4 825 834 935 945
3 834 945 935
2 935 945
1 945
0
